MB01 0 34303174483382273 0
MB01 0 33655626433429504 0
MB01 0 34886228193198080 0
MB01 0 29103119283523584 0
MB01 0 29212119635329024 0
MB01 0 31230480170876928 0
MB01 0 31210617436119040 0
MB01 0 34949851661729792 0
MB01 0 34696531139371008 0
MB01 0 34297209319063552 0
MB01 0 34349631311716352 0
MB01 0 29429100259057664 0
MB01 0 34876870512087040 0
MB01 0 34809237582389248 0
MB01 0 34706368841654272 0
MB01 0 34843030611558400 0
MB01 0 33442660542840832 0
MB01 0 33935246105772032 0
MB01 0 32547700427718657 0
MB01 0 32273316047757312 0
MB01 0 29559136538599424 0
MB01 0 29549388292431872 0
MB01 0 29546290585014274 0
MB01 0 29556135979655168 0
MB01 0 29593214549753856 0
MB01 0 29580472631689218 0
MB01 0 34852269115580416 0
MB01 0 34740078030880768 0
MB01 0 34714824982134784 0
MB01 0 34544817887252480 0
MB01 0 34240297676316672 0
MB01 0 34387751537217536 0
MB01 0 33915128260853761 0
MB01 0 34726680937369600 0
MB01 0 33502424622702592 0
MB01 0 34429878568890368 0
MB01 0 33831740283957248 0
MB01 0 34292588471123968 0
MB01 0 30809856231342080 0
MB01 0 34192568942071808 0
MB01 0 30407896273526784 2
MB01 0 30198105513140224 2
MB01 0 30500781002063872 2
MB01 0 30596588489408512 0
MB01 0 31089355871223808 0
MB01 0 32363020877299712 0
MB01 0 31762305326784512 0
MB01 0 34880799350202368 0
MB01 0 30345836181331968 1
MB01 0 34692588061593600 0
MB01 0 34518693245353984 0
MB01 0 34514609985556480 0
MB01 0 34301283682750464 0
MB01 0 34829580653035521 0
MB01 0 34918967202029568 0
MB01 0 33556305918566400 0
MB01 0 31347762272411648 0
MB01 0 33960633200279552 0
MB01 0 32827938114113536 0
MB01 0 30515857213890560 0
MB01 0 34798638530035712 0
MB01 0 30354304527241216 0
MB01 0 29244822745260034 0
MB01 0 34851292044066816 0
MB01 0 29373112583725056 0
MB01 0 34510222357700608 0
MB01 0 34515392055484416 0
MB01 0 34912051029606402 0
MB01 0 34913851153584128 0
MB01 0 34951766319706112 0
MB01 0 33937621742788608 0
MB01 0 33495595398205441 0
MB01 0 33651740842659841 0
MB01 0 33415288099700736 0
MB01 0 30276766429880320 0
MB01 0 29983478363717633 1
MB01 0 29993695927336960 1
MB01 0 30149086560657409 1
MB01 0 30360018473713664 1
MB01 0 30315453180022785 1
MB01 0 30157835434201089 1
MB01 0 33212352774017025 1
MB01 0 30016851715031040 1
MB01 0 32797963470245888 0
MB01 0 30242865485447168 1
MB01 0 30269207937548288 0
MB01 0 30299217419304960 1
MB01 0 30554037510213632 1
MB01 0 30317913206431744 1
MB01 0 30325761801977856 0
MB01 0 31850686425600000 -2
MB01 0 32415024995631105 0
MB01 0 32158658863304705 0
MB01 0 34952194402811904 0
MB01 0 30325151543332864 1
MB01 0 30254811135873024 1
MB01 0 30050959887433728 1
MB01 0 32080604065431552 1
MB01 0 31433400392876032 0
MB01 0 31866979291766784 0
MB01 0 34172086045904896 0
MB01 0 29191603868409856 0
MB01 0 34369870468485120 0
MB01 0 32639842919645185 0
MB01 0 34936400340058112 0
MB01 0 34895445134147585 0
MB01 0 29552940691759104 1
MB01 0 34936955707858946 0
MB01 0 34936957284917248 0
MB01 0 34770147554107393 0
MB01 0 34703573090574337 0
MB01 0 34738365479784449 0
MB01 0 33103643406241792 0
MB01 0 33107967448457216 0
MB01 0 29084350452600832 0
MB01 0 34340808291254272 0
MB01 0 34355020711337984 0
MB01 0 33148017498394624 1
MB01 0 33044519750475776 1
MB01 0 30236041789050880 1
MB01 0 30025535761420289 1
MB01 0 30219793458008064 1
MB01 0 29997693933719553 1
MB01 0 29978962599870465 1
MB01 0 30162553262841857 1
MB01 0 29967932868009984 0
MB01 0 29990282447552512 1
MB01 0 29990983902961664 1
MB01 0 32610941329735680 0
MB01 0 34577306567581697 0
MB01 0 34792710141378560 0
MB01 0 34777298276192256 0
MB01 0 30044145355591680 0
MB01 0 30316304493707264 1
MB01 0 33324493715808256 0
MB01 0 32237318962159616 0
MB01 0 34771675715211265 0
MB01 0 33501942902685696 0
MB01 0 28972570082541568 0
MB01 0 29117651632521216 0
MB01 0 33332326909874178 0
MB01 0 34106070209138689 0
MB01 0 34100702682816512 0
MB01 0 33480447178575873 0
MB01 0 29137476316569601 0
MB01 0 30223544906424320 1
MB01 0 34853451863171072 0
MB01 0 34937780991688704 0
MB01 0 29379252235272192 0
MB01 0 32725926353571840 0
MB01 0 34257154743472128 0
MB01 0 34175415006265344 0
MB01 0 34173324812623873 0
MB01 0 33133345017696256 0
MB01 0 29491259903049728 0
MB01 0 30373279034253313 0
MB01 0 29410102456885248 0
MB01 0 29407064786739200 0
MB01 0 29308189690302464 0
MB01 0 34778255236005888 0
MB01 0 34596009799581697 0
MB01 0 30722460617805824 0
MB01 0 33553634578931714 0
MB01 0 32916445591502850 0
MB01 0 29286650777436160 0
MB01 0 34623437011951617 0
MB01 0 33631760113733632 0
MB01 0 30044234841071616 0
MB01 0 30505596528623616 1
MB01 0 32785032661700609 0
MB01 0 33323060572459009 0
MB01 0 31506250382446592 1
MB01 0 32494503902314496 0
MB01 0 30275282464153600 1
MB01 0 30167063326629888 1
MB01 0 30188655465209856 1
MB01 0 29208850963898368 0
MB01 0 34942316573626368 0
MB01 0 30686548747882496 0
MB01 0 30828308941774848 0
MB01 0 34828285410017280 0
MB01 0 29307050177597440 0
MB01 0 29331550608818176 0
MB01 0 34870823353323520 0
MB01 0 31202325624266752 0
MB01 0 29694513467367425 0
MB01 0 31726868059131904 0
MB01 0 31716554580164608 0
MB01 0 32953174037897216 0
MB01 0 32962876486455297 0
MB01 0 32871708100665344 0
MB01 0 32840965274214402 0
MB01 0 29943747139604480 0
MB01 0 31793298611904512 0
MB01 0 33140845918027776 0
MB01 0 34526590725521408 0
MB01 0 34571364916535296 0
MB01 0 34806909412319232 0
MB01 0 34707905735438336 0
MB01 0 33559470726447104 0
MB01 0 29412469885640704 0
MB01 0 32124582701830144 0
MB01 0 33537918312120320 0
MB01 0 33862478886604800 0
MB01 0 29892575875833857 0
MB01 0 34603959033270272 0
MB01 0 33481475881967616 0
MB01 0 29608917579337729 0
MB01 0 34315347385384960 0
MB01 0 29602769228791808 0
MB01 0 33566383849603073 0
MB01 0 33566386861117440 0
MB01 0 32128769699356672 0
MB01 0 30629479080525824 0
MB01 0 34721376812146688 0
MB01 0 30620268149866496 0
MB01 0 33231028642385920 0
MB01 0 30681770034728960 0
MB01 0 31473669091893248 0
MB01 0 32746441218723840 0
MB01 0 30082069551906816 0
MB01 0 32106462016700418 0
MB01 0 32983057027825664 0
MB01 0 31701120082518016 0
MB01 0 30379581093453825 0
MB01 0 34527508170809344 0
MB01 0 30318012988923905 0
MB01 0 30071404720300033 0
MB01 0 29881542083874816 0
MB01 0 34936439342899200 0
MB01 0 34882307697414144 0
MB01 0 34617304075476994 0
MB01 0 32985385306955776 0
MB01 0 33287402286088192 0
MB01 0 33536977986912256 0
MB01 0 29263407261683712 0
MB01 0 31649109051965440 0
MB01 0 34889179104149504 0
MB01 0 33249624546480128 0
MB01 0 34612306667114496 0
MB01 0 31559686092234752 0
MB01 0 31488619965317120 0
MB01 0 30236884051435520 1
MB01 0 30251634873335810 1
MB01 0 33823403328671744 1
MB01 0 30407444110778369 1
MB01 0 32947243380113409 1
MB01 0 34458532887662592 0
MB01 0 34779199482888192 0
MB01 0 29400990247559168 0
MB01 0 33993344493293569 0
MB01 0 34860704469090305 0
MB01 0 29462533077204992 0
MB01 0 34936355322601472 0
MB01 0 29939220936134656 0
MB01 0 34334372953849856 0
MB01 0 32569893618450433 0
MB01 0 33878396152840192 1
MB01 0 33928200560197632 0
MB01 0 34893909884669952 0
MB01 0 30315979753922560 1
MB01 0 34553453812387840 1
MB01 0 30248740119908353 1
MB01 0 29991643910242304 1
MB01 0 30293370664390656 0
MB01 0 30225867514847232 0
MB01 0 29354296369750016 0
MB01 0 29629635817906176 1
MB01 0 29621742011944960 1
MB01 0 34949400304435200 0
MB01 0 34540425826017280 0
MB01 0 34186687638667264 0
MB01 0 30049650786435072 0
MB01 0 34947770762661888 0
MB01 0 33823677485158400 0
MB01 0 29257218230591489 0
MB01 0 34323809263681536 0
MB01 0 33168294152245248 0
MB01 0 33145966840250369 0
MB01 0 34914029059178496 0
MB01 0 34948877027123200 0
MB01 0 34420952561352705 0
MB01 0 34524023287193601 0
MB01 0 33976236870991872 0
MB01 0 30344264193937408 0
MB01 0 34921541489664000 0
MB01 0 34551264511528960 0
MB01 0 34834260657446912 0
MB01 0 34927536190263296 0
MB01 0 30406121583808512 0
MB01 0 30399823257534465 0
MB01 0 30393188145430528 0
MB01 0 34930494625808384 0
MB01 0 33391140686274560 0
MB01 0 34756421987864576 0
MB01 0 29170344392654848 0
MB01 0 34178675104546816 0
MB01 0 29618827050360833 0
MB01 0 34853154524766208 0
MB01 0 33978192351985664 0
MB01 0 31295093545635840 0
MB01 0 34918966904229889 0
MB01 0 32119399087341568 0
MB01 0 29143071471964160 0
MB01 0 33395096489566209 0
MB01 0 33457429396066304 0
MB01 0 34950617440985088 0
MB01 0 33789978660048896 0
MB01 0 34587324784320512 0
MB01 0 34947156368424960 0
MB01 0 30310042716610561 0
MB01 0 33439073175605248 0
MB01 0 32836484335673345 0
MB01 0 32850626794758144 0
MB01 0 30419324359417857 1
MB01 0 34192301035102208 0
MB01 0 32783211335524352 0
MB01 0 30598140105072640 0
MB01 0 34911451630010369 0
MB01 0 29109203574464512 0
MB01 0 34187281942183936 0
MB01 0 34914035174473729 0
MB01 0 31201653633851393 0
MB01 0 34676047827959808 0
MB01 0 33689343574941696 0
MB01 0 34951749731090432 0
MB01 0 34900303178371072 0
MB01 0 33525582021009408 0
MB01 0 33450674620465152 0
MB01 0 32061324829659136 0
MB01 0 30126854627139584 0
MB01 0 34329741490135040 0
MB01 0 34410291773050881 0
MB01 0 34141526510534656 0
MB01 0 29302941303177217 0
MB01 0 31663242979844096 0
MB01 0 34840161304977408 0
MB01 0 34871207165693952 0
MB01 0 29281212015054848 0
MB01 0 34674358152593408 0
MB01 0 34885972533452800 0
MB01 0 32046198844030976 0
MB01 0 34448730182651904 0
MB01 0 34946460357238784 0
MB01 0 34472237180391424 0
MB01 0 34780826906394624 0
MB01 0 34803184304128000 0
MB01 0 34795164165738496 0
MB01 0 34793802963099648 0
MB01 0 34254070491512832 0
MB01 0 34891470628462593 0
MB01 0 29300667910717441 0
MB01 0 29303189945716736 0
MB01 0 33024248884756480 0
MB01 0 32408669823963136 0
MB01 0 29195475794006016 0
MB01 0 32188969437364225 0
MB01 0 34005858346209280 0
MB01 0 34932093502885888 0
MB01 0 34937416888352768 0
MB01 0 31485879465803776 0
MB01 0 29527121936261121 1
MB01 0 29509222337085440 1
MB01 0 31653409140514816 1
MB01 0 30319208176820224 1
MB01 0 30051954050727936 1
MB01 0 34436942024146944 0
MB01 0 29997002322345984 0
MB01 0 33549983881895936 0
MB01 0 32117762864189441 0
MB01 0 34833495289233409 0
MB01 0 34934225975119872 0
MB01 0 34259822966743041 0
MB01 0 32513375283974145 0
MB01 0 34949319501025280 0
MB01 0 34171602044338176 0
MB01 0 29330189708169217 0
MB01 0 33925179675516928 0
MB01 0 33501800959053824 0
MB01 0 34026930940416000 0
MB01 0 33230810693763072 0
MB01 0 34200991268208641 0
MB01 0 30267076497121280 0
MB01 0 34930461952184321 0
MB01 0 34915697993719808 0
MB01 0 32122486640353280 0
MB01 0 34930354779324416 0
MB01 0 31483253365932033 0
MB01 0 29423030312640512 0
MB01 0 33584653612875776 0
MB01 0 34858046496710656 0
MB01 0 34890358110298112 0
MB01 0 34946976793493504 0
MB01 0 34665469260599296 0
MB01 0 34409479747403776 0
MB01 0 34607321665507329 0
MB01 0 34766062104875008 0
MB01 0 30419535756533762 1
MB01 0 30225639298568192 1
MB01 0 34396059736211457 1
MB01 0 30986508492087297 1
MB01 0 30244709146304512 1
MB01 0 30137431932010498 1
MB01 0 34654464329654272 0
MB01 0 34729351735939072 0
MB01 0 29113433995608064 0
MB01 0 32834102369456130 0
MB01 0 34142019685187584 0
MB01 0 30748753715527680 0
MB01 0 30006250078998528 0
MB01 0 32244019295686656 0
MB01 0 33836505248047104 0
MB01 0 34934069821186048 0
MB01 0 29284711893307392 0
MB01 0 34951846736953344 0
MB01 0 34902244843470848 0
MB01 0 34946671993430016 0
MB01 0 34931669714604032 0
MB01 0 34942301021147136 0
MB01 0 32449705384349696 0
MB01 0 31487939770851328 0
MB01 0 34906600250548224 0
MB01 0 34828722234200064 0
MB01 0 34406017450123265 0
MB01 0 34873300773502976 0
MB01 0 34926994466545664 0
MB01 0 34901924344111104 0
MB01 0 34593563899600896 0
MB01 0 33441501002342400 0
MB01 0 34100304148434946 0
MB01 0 34595314547560448 0
MB01 0 32777419622457344 0
MB01 0 34109736261525504 0
MB01 0 34889484864585728 0
MB01 0 34770793162342400 0
MB01 0 29502956738969601 0
MB01 0 29314312799526912 0
MB01 0 29224350330654720 0
MB01 0 34934988625420288 0
MB01 0 34641380852629505 0
MB01 0 29059262076420096 0
MB01 0 29919808589926400 0
MB01 0 29756063234392064 0
MB01 0 31491783301013505 0
MB01 0 30375540082872320 0
MB01 0 34951899295920129 0
MB01 0 30186194084036609 0
MB01 0 30191596309843968 0
MB01 0 29336012429721600 0
MB01 0 29264804417904641 0
MB01 0 34929693434056704 0
MB01 0 30997660936704000 0
MB01 0 30767239233798144 0
MB01 0 29026049920602112 0
MB01 0 32930976912904192 0
MB01 0 34326030139260928 0
MB01 0 30423507347181568 0
MB01 0 29565469983768576 0
MB01 0 34808895813713920 0
MB01 0 34917285848158209 0
MB01 0 32413541927489536 0
MB01 0 30681600303824896 0
MB01 0 31698534671581184 0
MB01 0 33551624051892224 0
MB01 0 34623684111122432 0
MB01 0 34937082803654656 0
MB01 0 32756779397947392 0
MB01 0 29984027783995392 0
MB01 0 30268814184677376 1
MB01 0 34352312872869888 0
MB01 0 30921324712960000 0
MB01 0 30022487840391168 0
MB01 0 33700830561435648 0
MB01 0 34526153217675264 0
MB01 0 30019432113766400 0
MB01 0 34896325799583744 0
MB01 0 34945315765231616 0
MB01 0 29999049654403072 0
MB01 0 30013444388298752 0
MB01 0 30051579025432577 0
MB01 0 34952186328784896 0
MB01 0 34948503532732416 0
MB01 0 34930476288442368 0
MB01 0 34866249125076992 0
MB01 0 29937877387317248 0
MB01 0 29940639818842112 0
MB01 0 34728639425683457 0
MB01 0 34859287251517440 0
MB01 0 31482124297052161 0
MB01 0 34871074684547072 0
MB01 0 34952008683229185 0
MB01 0 31285713932656640 1
MB01 0 30261845583466496 0
MB01 0 34936578358910976 0
MB01 0 33685475038474240 0
MB01 0 34869435869167616 0
MB01 0 34648491028381696 0
MB01 0 34648572951531520 0
MB01 0 34647788381802496 0
MB01 0 34647918333927424 0
MB01 0 34910737528930304 0
MB01 0 30783443688230912 0
MB01 0 31494336042504192 0
MB01 0 34892425243660288 0
MB01 0 34936165111037952 0
MB01 0 29038073723490305 0
MB01 0 34899331890814976 0
MB01 0 34936022596849664 0
MB01 0 34935978200141825 0
MB01 0 34935395246546944 0
MB01 0 34932846376398848 0
MB01 0 34934940659359744 0
MB01 0 34945879139942400 0
MB01 0 31766064534650880 0
MB01 0 33205141876244480 0
MB01 0 33509991683985409 0
MB01 0 34934670521016320 0
MB01 0 34934670395183104 0
MB01 0 30492945153003520 0
MB01 0 34934565327867904 0
MB01 0 34934282178793472 0
MB01 0 34929624383234048 0
MB01 0 34785287120879616 0
MB01 0 34628078042873856 0
MB01 0 32957906429149184 0
MB01 0 34390324029693953 0
MB01 0 34934211093733377 0
MB01 0 34933891731173376 0
MB01 0 34933490407444480 0
MB01 0 31485272021536768 0
MB01 0 34322620665180161 0
MB01 0 34807222911377408 0
MB01 0 34933149133705216 0
MB01 0 34931631395438593 0
MB01 0 31490509839007744 0
MB01 0 34950308182360064 0
MB01 0 34869897850789888 0
MB01 0 34888739083788288 0
MB01 0 29524655479980032 0
MB01 0 34932736024121344 0
MB01 0 34926201403490304 0
MB01 0 31483933937897472 0
MB01 0 33022313171525632 0
MB01 0 32087637779021824 0
MB01 0 32156169774571520 0
MB01 0 32740337151643648 0
MB01 0 33478072141352961 0
MB01 0 33991783985713154 0
MB01 0 34946476572409856 0
MB01 0 34863742973911040 0
MB01 0 34907421302325248 0
MB01 0 34896284196282368 0
MB01 0 34894268497657856 0
MB01 0 31492002872827904 0
MB01 0 31485846519545856 0
MB01 0 34892786905907200 0
MB01 0 34884310024728576 0
MB01 0 34877039056125952 0
MB01 0 30091220889903104 0
MB01 0 34932089400999936 0
MB01 0 31485805482479616 0
MB01 0 34931197188509697 0
MB01 0 34918395459674112 0
MB01 0 33602042350010368 0
MB01 0 34512565178613760 0
MB01 0 34889723109449729 0
MB01 0 34456614933106689 0
MB01 0 33939407534817280 0
MB01 0 34507566629261312 0
MB01 0 34730882833063936 0
MB01 0 30163260250521600 0
MB01 0 34703780100448257 0
MB01 0 34893516719001600 0
MB01 0 29900581036363777 0
MB01 0 34707878099161088 0
MB01 0 29305606699487233 0
MB01 0 34600937918038016 0
MB01 0 34676394025816064 0
MB01 0 34440054554230784 0
MB01 0 34829899881512960 0
MB01 0 32812128800870400 0
MB01 0 31740027205582848 0
MB01 0 31220758067814400 0
MB01 0 30657079391813632 0
MB01 0 30084412947308545 0
MB01 0 29386330014220288 0
MB01 0 32096654177861634 0
MB01 0 29458519027621888 0
MB01 0 30217175910318080 1
MB01 0 34548402616274944 0
MB01 0 34242302733975552 0
MB01 0 29971808702701568 0
MB01 0 30377751324135424 0
MB01 0 31218241376358400 0
MB01 0 33045690359889920 0
MB01 0 31102251548278784 0
MB01 0 34792377113649153 0
MB01 0 31095565647351809 0
MB01 0 33911876198862848 0
MB01 0 32051400745684992 0
MB01 0 34940813830004737 0
MB01 0 34082819013607425 0
MB01 0 33616287452106752 0
MB01 0 31627316090114048 0
MB01 0 29513312056115200 0
MB01 0 34447009125498881 0
MB01 0 34444744465584128 0
MB01 0 34613104696360960 0
MB01 0 34912073804681216 0
MB01 0 34807887138131968 0
MB01 0 34867530111651840 0
MB01 0 34462866182639616 0
MB01 0 34705965907451905 0
MB01 0 34742203939028992 0
MB01 0 34801093854773248 0
MB01 0 34502121210515456 0
MB01 0 34212967838908418 0
MB01 0 34200890051141634 0
MB01 0 34487777118654464 0
MB01 0 34200888859951104 0
MB01 0 34351883074277376 0
MB01 0 34856961627389952 0
MB01 0 34726156393656320 0
MB01 0 29715156388810754 0
MB01 0 31066259206447105 0
MB01 0 29575250068897794 0
MB01 0 30374269892431872 0
MB01 0 34948891052867584 0
MB01 0 34948012610420736 0
MB01 0 34931004799975424 0
MB01 0 34916262811275264 0
MB01 0 31117702063980544 0
MB01 0 34907140980219904 0
MB01 0 34903151513440256 0
MB01 0 33744578037153792 0
MB01 0 33084568277884928 0
MB01 0 30409363562692608 0
MB01 0 32078125143695360 0
MB01 0 34901366023393281 0
MB01 0 34884195574611969 0
MB01 0 30700502123544576 0
MB01 0 34756451956166656 0
MB01 0 34725541701627904 0
MB01 0 31491877417000960 0
MB01 0 31631968449863680 0
MB01 0 31491005534437377 0
MB01 0 31489656050683904 0
MB01 0 31487089228906496 0
MB01 0 31486802716008448 0
MB01 0 31485908649779200 0
MB01 0 31485285279731713 0
MB01 0 31484225664327680 0
MB01 0 34227948139581440 0
MB01 0 33477450369343490 0
MB01 0 33249188615557121 0
MB01 0 32658399627845632 0
MB01 0 32478310793482241 0
MB01 0 30923924376125441 0
MB01 0 34627341875417088 0
MB01 0 32240123013767168 0
MB01 0 29261075962662912 0
MB01 0 30182793933758464 0
MB01 0 32229281945886720 0
MB01 0 30780801931026432 0
MB01 0 30945386776498176 0
MB01 0 31548578920923136 0
MB01 0 29209817457360896 0
MB01 0 33521585340022784 0
MB01 0 31327728544260096 0
MB01 0 31016423132233728 0
MB01 0 33623445405179905 0
MB01 0 30390314107666433 0
MB01 0 29733292613828608 0
MB01 0 32202010056986625 0
MB01 0 30740270819581953 0
MB01 0 34392034286505984 0
MB01 0 34389878783348736 1
MB01 0 33296892091699200 0
MB01 0 30632289956265984 0
MB01 0 30770933895536640 0
MB01 0 33357707213803520 0
MB01 0 32585308528713728 0
MB01 0 30134143627038721 0
MB01 0 29652610986283008 0
MB01 0 29381541012439040 0
MB01 0 34949728642924544 0
MB01 0 29944142427586560 0
MB01 0 34949097265827840 0
MB01 0 34947995170648064 0
MB01 0 30228477894463488 0
MB01 0 32453406425616384 1
MB01 0 34437396267409408 0
MB01 0 29605702318161920 0
MB01 0 29054742508347393 0
MB01 0 30724317385859072 0
MB01 0 34014226892726273 0
MB01 0 34622434564898816 0
MB01 0 30149947860983808 0
MB01 0 34944481912430592 0
MB01 0 34744228391297024 0
MB01 0 34309737851916288 0
MB01 0 31562936019320832 0
MB01 0 33524120721428480 0
MB01 0 34367730559750144 0
MB01 0 32804229630402561 0
MB01 0 31468486161072129 0
MB01 0 31951235351318528 0
MB01 0 33240912175824896 0
MB01 0 33320862929133571 0
MB01 0 34076491243466752 0
MB01 0 34787633347428352 0
MB01 0 30615645682925568 0
MB01 0 29281361277755393 0
MB01 0 33238449611870208 0
MB01 0 30325247257354240 0
MB01 0 34942986982789120 0
MB01 0 34940996215111680 0
MB01 0 34932825786417152 0
MB01 0 34931352717500417 0
MB01 0 34919894097068032 0
MB01 0 34917620188717056 0
MB01 0 34917074212102144 0
MB01 0 34909407770984448 0
MB01 0 34906319127314432 0
MB01 0 34899649898876928 0
MB01 0 34897505724399616 0
MB01 0 34885439919894528 0
MB01 0 34891169313996800 0
MB01 0 34888579704557568 0
MB01 0 31001167404212224 0
MB01 0 34895952456335360 0
MB01 0 34885364355178496 0
MB01 0 34884833444368384 0
MB01 0 34872588857511936 0
MB01 0 34853834631151616 0
MB01 0 34845080003022848 0
MB01 0 34842670362923008 0
MB01 0 34646326314541058 0
MB01 0 34664170259484672 0
MB01 0 34680018713968641 0
MB01 0 34755352532623360 0
MB01 0 34638009475416064 0
MB01 0 34755549195145216 0
MB01 0 34638664097079296 0
MB01 0 34725508193198080 0
MB01 0 34630106152570880 0
MB01 0 34613976952356864 0
MB01 0 34632054121439234 0
MB01 0 34723453084897280 0
MB01 0 34697496848646144 0
MB01 0 34598980834824192 0
MB01 0 34716864869306368 0
MB01 0 34707839490588672 0
MB01 0 34718307084935168 0