34952041415581696
34949851661729792
34875144895873024
34948238024904704
30317913206431744
34946671993430016
34946379373608960
34944779200499713
34937780991688704
34933891731173376
30198105513140224
34921541489664000
34919812933099520
34906600250548224
34896060421767168
34889484864585728
34865667769511936
34854435381313537
34779496422834176
34778717079216128
34778255236005888
34770825274068992
34770793162342400
34754843474276352
34745812005167104
34740078030880768
34731908625600512
34727097431756800